00208
00240
00280
00326
00331
00349
00377
00624
00656
00752
00754
00889
01013
01085
01148
01717
01737
01781
01959
02051
02203
02450
02524
02540
02612
03076
03298
03302
03318
03337
03345
03407
03447
03524
03529
03533
03583
03709
03834
03850
03854
03937
03969
03993
04091
04273
04399
04446
04508
04666
04737
04897
04898
05114
05246
05299
05319
05444
05452
05615
05749
05861
05929
06174
06335
06354
06691
06839
07031
07034
07191
07233
07260
07264
07288
07550
07706
08028
08228
08342
08410
08467
08537
08706
08845
09077
09155
09214
09367
09520
09709
09722
09780
09808
09860
09968
10191
10457
10530
10886
11125
11299
11321
11331
11393
11397
11503
11665
11801
11814
11887
11897
12052
12262
12431
12597
12637
12770
12856
13078
13103
13306
13416
13418
13528
13616
13723
14039
14075
14095
14196
14287
14294
14503
14542
14567
14828
14931
14940
14944
15097
15555
15575
15674
15678
15723
15776
15875
16061
16270
16290
16324
16416
16491
16612
